----------------------------------------------------------------------------------------------------------------------------------------
#     NAME         RAJ                DECJ                      PX                 Gl         Gb          DM                        C1
                   (hms)              (dms)                  (mas)              (deg)      (deg)  (cm^-3 pc)
----------------------------------------------------------------------------------------------------------------------------------------
1     B1541+09     15:43:38.8 1.0e-04  +09:29:16.3 2.0e-03     0.130 2.0e-02     17.811    45.775      34.98 1.6e-03          4.546854
2     J1024-0719   10:24:38.6 5.9e-06  -07:19:19.5 2.0e-04     0.770 2.3e-01    251.702    40.515       6.48 6.0e-04          4.987906
3     J0024-7204W  00:24:06.0 1.0e-03  -72:04:49.0 2.0e-03     0.213       0   305.894   -44.890      24.37 3.0e-03          5.195044
4     J1012+5307   10:12:33.4 1.1e-05  +53:07:02.2 1.3e-04     0.710 1.7e-01    160.347    50.858       9.02 7.0e-05          6.406429
5     J2010-1323   20:10:45.9 5.3e-06  -13:23:56.0 3.2e-04     0.300 1.0e-01     29.446   -23.540      22.18 5.0e-03            6.6531

6     J2234+0611   22:34:23.0 5.1e-06  +06:11:28.6 1.7e-04     0.700 2.0e-01     72.991   -43.006      10.76 1.5e-03           7.53515
7     J1744-1134   17:44:29.4 1.1e-06  -11:34:54.6 8.0e-05     2.530 7.0e-02     14.794     9.180       3.14       0         7.936484
8     B1855+09     18:57:36.3 2.1e-06  +09:43:17.1 7.2e-05     0.600 2.0e-01     42.290     3.060      13.31 2.5e-03            7.9884
9     J1909-3744   19:09:47.4 1.1e-06  -37:44:14.4 5.0e-05     0.810 3.0e-02    359.731   -19.596      10.39       0         8.418492
10    B1929+10     19:32:13.9 3.0e-04  +10:59:32.4 5.0e-03     2.770 7.0e-02     47.382    -3.884       3.18 1.6e-04          8.817492

11    B2020+28     20:22:37.0 7.0e-04  +28:54:23.1 1.1e-02     0.370 1.2e-01     68.863    -4.671      24.63 1.8e-04          9.113503
12    B1508+55     15:09:25.6 1.0e-04  +55:31:32.3 2.0e-03     0.470 3.0e-02     91.325    52.287      19.62 3.0e-04          9.220977
13    J2017+0603   20:17:22.7 4.9e-06  +06:03:05.5 1.4e-04     0.400 2.0e-01     48.621   -16.026      23.92 9.0e-05          9.569376
14    J0218+4232   02:18:06.3 4.0e-06  +42:32:17.3 8.0e-05     0.160 9.0e-02    139.508   -17.527      61.25 5.0e-03           9.80032
15    B1534+12     15:37:09.9 3.0e-06  +11:55:55.4 6.0e-05     0.860 1.8e-01     19.848    48.341      11.62 2.0e-05          9.992718

16    J0108-1431   01:08:08.3 8.8e-05  -14:31:50.1 1.1e-03     4.200 1.4e+00    140.930   -76.815       2.38 1.9e-01             9.996
17    J0636+5129   06:36:04.8 6.9e-06  +51:28:59.9 1.4e-04     0.900 4.0e-01    163.909    18.643      11.11 1.1e-04          9.997344
18    B0031-07     00:34:08.8 1.0e-04  -07:21:53.4 2.0e-03     0.930 8.0e-02    110.420   -69.815      10.92 6.0e-03          10.15746
19    J1023+0038   10:23:47.6 3.0e-05  +00:38:40.8 5.0e-04     0.731 2.2e-02    243.490    45.782      14.32 1.0e-02          10.47157
20    B1237+25     12:39:40.4 1.2e-03  +24:53:49.2 2.0e-02     1.160 8.0e-02    252.450    86.541       9.25 5.3e-04          10.73184

21    J2317+1439   23:17:09.2 7.5e-06  +14:39:31.2 2.0e-04     0.500 8.0e-02     91.361   -42.360      21.88 9.0e-03           10.9385
22    J2124-3358   21:24:43.8 1.0e-05  -33:58:44.8 3.0e-04     2.400 4.0e-01     10.925   -45.438       4.60       0          11.0423
23    B2021+51     20:22:49.8 1.2e-03  +51:54:50.2 1.1e-02     0.500 7.0e-02     87.862     8.380      22.55 5.6e-04          11.27484
24    J1832-0836   18:32:27.5 2.4e-06  -08:36:55.0 1.4e-04     0.400 1.0e-01     23.109     0.257      28.19 9.0e-05          11.27769
25    B0950+08     09:53:09.3 1.9e-03  +07:55:35.7 8.0e-02     3.820 7.0e-02    228.908    43.697       2.97 8.0e-05          11.34261

26    J1730-2304   17:30:21.6 8.0e-05  -23:04:31.1 2.0e-02     1.190 2.7e-01      3.137     6.023       9.62       0         11.44344
27    B2045-16     20:48:35.6 4.0e-05  -16:16:44.5 1.5e-04     1.050 3.0e-02     30.514   -33.077      11.46 5.0e-03           12.0288
28    J1811-2405   18:11:19.8 2.0e-05  -24:05:18.3 1.1e-02     0.200 2.0e-01      7.073    -2.559      60.60 1.7e-03           12.1201
29    J1944+0907   19:44:09.3 4.4e-06  +09:07:23.0 1.1e-04     0.500 3.0e-01     47.160    -7.357      24.36 5.0e-04           12.1799
30    J1640+2224   16:40:16.7 3.8e-06  +22:24:08.8 7.1e-05     0.660 7.0e-02     41.051    38.271      18.46 8.0e-03          12.18492

31    J1853+1303   18:53:57.3 4.0e-06  +13:03:44.0 7.2e-05     0.400 2.0e-01     44.875     5.367      30.57 8.0e-05          12.22798
32    B0450+55     04:54:07.7 1.0e-04  +55:43:41.4 2.0e-03     0.840 5.0e-02    152.617     7.547      14.59 1.5e-04          12.25562
33    J2222-0137   22:22:05.9 7.0e-06  -01:37:15.7 1.0e-04     3.742 1.6e-02     62.018   -46.075       3.28       0         12.26253
34    J1911+1347   19:11:55.2 2.0e-06  +13:47:34.3 3.6e-05     0.400 2.0e-01     47.518     1.809      30.99 9.0e-04          12.39532
35    J0023+0923   00:23:16.8 9.0e-06  +09:23:23.8 3.0e-04     0.900 2.0e-01    111.383   -52.849      14.33 4.0e-05          12.89529

36    J1713+0747   17:13:49.5 4.2e-07  +07:47:37.4 1.4e-05     0.820 3.0e-02     28.751    25.223      15.92 1.6e-02          13.05194
37    B0809+74     08:14:59.5 2.0e-02  +74:29:05.7 1.1e-01     2.310 4.0e-02    139.998    31.618       5.75 4.8e-04          13.28402
38    J2043+1711   20:43:20.8 1.4e-06  +17:11:28.9 3.5e-05     0.640 8.0e-02     61.919   -15.313      20.76 1.4e-02          13.28448
39    J0030+0451   00:30:27.4 3.8e-05  +04:51:39.7 1.3e-03     3.080 8.0e-02    113.141   -57.611       4.34 7.0e-05          13.36692
40    J1455-3330   14:55:47.9 2.2e-05  -33:30:46.3 6.9e-04     0.990 2.2e-01    330.722    22.562      13.57 3.0e-04           13.4341

41    B1133+16     11:36:03.2 1.8e-03  +15:51:04.4 5.0e-02     2.800 1.6e-01    241.902    69.195       4.84 3.4e-04          13.55385
42    B1257+12     13:00:03.5 1.0e-04  +12:40:56.4 3.0e-04     1.410 8.0e-02    311.310    75.414      10.17 3.0e-05          14.33335
43    J0645+5158   06:45:59.0 3.5e-06  +51:58:14.9 7.2e-05     0.800 2.0e-01    163.963    20.251      18.25 9.0e-06          14.59803
44    J1022+1001   10:22:57.9 1.2e-03  +10:01:52.7 4.7e-02     1.425 2.5e-02    231.795    51.101      10.25 1.0e-04          14.60924
45    B2016+28     20:18:03.8 9.0e-04  +28:39:54.2 1.6e-02     1.030 1.0e-01     68.099    -3.983      14.20 6.0e-04          14.62363

46    J2145-0750   21:45:50.4 9.0e-06  -07:50:18.4 4.0e-04     1.630 4.0e-02     47.777   -42.084       9.00       0          14.6661
47    B1937+21     19:39:38.5 2.0e-06  +21:34:59.1 4.0e-05     0.220 8.0e-02     57.509    -0.290      71.02 1.3e-03          15.62521
48    B2310+42     23:13:08.6 1.0e-04  +42:53:13.0 2.0e-03     0.930 7.0e-02    104.410   -16.422      17.28 3.3e-04          16.06754
49    J2302+4442   23:02:46.9 1.4e-05  +44:42:22.0 1.7e-04     1.200 1.2e+00    103.395   -14.005      13.73 3.0e-04          16.47348
50    B2053+36     20:55:31.3 1.0e-04  +36:30:21.4 2.0e-03     0.170 3.0e-02     79.133    -5.589      97.42 5.6e-03          16.56063

51    J0437-4715   04:37:15.8 6.0e-07  -47:15:09.1 7.0e-06     6.370 9.0e-02    253.394   -41.963       2.64 7.0e-05          16.84712
52    J1400-1431   14:00:37.0 1.5e-04  -14:31:47.0 6.1e-03     3.600 1.1e+00    326.986    45.087       4.93 3.0e-06          17.75613
53    J2229+2643   22:29:50.8 1.8e-05  +26:43:57.6 2.2e-04     0.800 6.0e-01     87.693   -26.284      22.73 6.0e-04          18.18168
54    J0633+1746   06:33:54.1 2.8e-03  +17:46:12.9 4.0e-02     6.400 1.8e+00    195.134     4.266       2.89 2.0e-02            18.496
55    B1857-26     19:00:47.5 4.0e-03  -26:00:43.8 5.0e-01     0.500 6.0e-01     10.342   -13.451      37.99 5.0e-03            18.997

56    B1451-68     14:56:00.1 1.4e-02  -68:43:39.2 9.0e-02     2.200 3.0e-01    313.869    -8.543       8.64 7.0e-03           19.0058
57    B2154+40     21:57:01.8 1.0e-04  +40:17:45.9 2.0e-03     0.280 6.0e-02     90.488   -11.341      71.12 2.2e-03          19.91469
58    J2144-3933   21:44:12.0 4.5e-05  -39:33:56.8 3.2e-04     6.050 5.6e-01      2.794   -49.466       3.35 1.0e-02           20.2675
59    B0818-13     08:20:26.3 1.0e-04  -13:50:55.8 2.0e-03     0.510 4.0e-02    235.890    12.595      40.94 3.0e-03          20.87838
60    B1556-44     15:59:41.5 8.0e-06  -44:38:45.9 3.5e-05     0.384 8.1e-02    334.540     6.367      56.10 4.0e-01           21.5424

61    J1741+1351   17:41:31.1 1.8e-06  +13:51:44.1 3.6e-05     0.930 5.0e-02     37.885    21.641      24.20 1.4e-04           22.5048
62    J1923+2515   19:23:22.4 3.9e-06  +25:15:40.5 1.1e-04     1.200 4.0e-01     58.946     4.749      18.86 1.8e-04          22.62618
63    B0919+06     09:22:14.0 4.0e-03  +06:38:23.3 1.7e-01     0.830 1.3e-01    225.420    36.392      27.30 5.0e-04          22.65784
64    J1738+0333   17:38:53.9 4.3e-06  +03:33:10.8 1.8e-04     0.680 5.0e-02     27.721    17.742      33.77 4.0e-05          22.96572
65    J2234+0944   22:34:46.8 1.1e-05  +09:44:30.2 3.0e-04     1.300 4.0e-01     76.280   -40.438      17.83 1.4e-03           23.1803

66    J1918-0642   19:18:48.0 2.7e-06  -06:42:34.9 1.4e-04     0.900 1.0e-01     30.027    -9.123      26.46 3.0e-02            23.814
67    B0450-18     04:52:34.1 1.0e-04  -17:59:23.3 2.0e-03     0.600 1.4e+00    217.078   -34.087      39.90 3.0e-03           23.9418
68    J0751+1807   07:51:09.1 1.3e-05  +18:07:38.4 1.0e-03     0.820 1.7e-01    202.730    21.086      30.25 6.0e-03          24.80172
69    B0329+54     03:32:59.3 5.0e-03  +54:34:43.5 7.0e-02     0.940 1.1e-01    144.995    -1.221      26.76 1.0e-04          25.15825
70    J1600-3053   16:00:51.9 2.3e-06  -30:53:49.3 1.1e-04     0.500 7.0e-02    344.090    16.451      52.33 2.0e-04          26.16495

71    J2322-2650   23:22:34.6 3.0e-05  -26:50:58.3 6.0e-04     4.400 1.2e+00     28.637   -70.228       6.15 2.0e-03           27.0556
72    B0136+57     01:39:19.7 1.2e-03  +58:14:31.8 1.7e-02     0.370 4.0e-02    129.216    -4.044      73.81 7.6e-04          27.31022
73    J0538+2817   05:38:25.0 1.0e-04  +28:17:09.1 2.0e-03     0.720 1.2e-01    179.719    -1.686      39.57 1.0e-03           28.4904
74    J0740+6620   07:40:45.7 1.8e-05  +66:20:33.5 1.4e-04     2.300 6.0e-01    149.730    29.599      14.96 2.4e-04          34.41207
75    J0340+4130   03:40:23.2 1.1e-05  +41:30:45.2 2.8e-04     0.700 4.0e-01    153.783   -11.022      49.59 1.6e-03          34.71055

76    B1933+16     19:35:47.8 1.0e-04  +16:16:39.9 2.0e-03     0.220 1.2e-01     52.436    -2.093     158.52 3.0e-03          34.87462
77    J0614-3329   06:14:10.3 3.0e-04  -33:29:54.1 4.0e-03     1.100 1.1e+00    240.501   -21.827      37.05 1.0e-03           40.7539
78    J1843-1113   18:43:41.2 1.2e-05  -11:13:31.0 7.0e-04     0.690 3.3e-01     22.055    -3.397      59.96 8.0e-03          41.37516
79    J1603-7202   16:03:35.6 4.0e-05  -72:02:32.7 1.9e-04     1.100 8.0e-01    316.630   -14.496      38.05 1.0e-04          41.85181
80    J1910+1256   19:10:09.7 6.2e-06  +12:56:25.4 1.4e-04     1.400 7.0e-01     46.564     1.795      30.07 5.0e-04          42.09576

81    J0737-3039A  07:37:51.2 2.6e-05  -30:39:40.7 1.0e-04     0.870 1.4e-01    245.236    -4.505      48.92 5.0e-03           42.5604
82    J0737-3039B  07:37:51.2 2.6e-05  -30:39:40.7 1.0e-04     0.870 1.4e-01    245.236    -4.505      48.92 5.0e-03           42.5604
83    B0656+14     06:59:48.1 4.0e-03  +14:14:21.5 3.0e-01     3.470 3.6e-01    201.108     8.258      13.94 9.0e-02           48.3718
84    J0613-0200   06:13:43.9 4.3e-06  -02:00:47.2 1.4e-04     1.250 1.3e-01    210.413    -9.305      38.78 6.0e-05          48.47399
85    J0931-1902   09:31:19.1 1.3e-05  -19:02:55.0 2.7e-04     1.200 9.0e-01    250.999    23.054      41.49 2.4e-04          49.78609

86    J2214+3000   22:14:38.8 1.0e-05  +30:00:38.1 1.7e-04     2.300 7.0e-01     86.855   -21.665      22.55 2.5e-03           51.8535
87    B0355+54     03:58:53.7 2.0e-04  +54:13:13.7 3.0e-03     0.910 1.6e-01    148.190     0.811      57.14 3.0e-04          51.99922
88    J1614-2230   16:14:36.5 1.8e-05  -22:30:31.2 1.4e-03     1.500 1.0e-01    352.636    20.192      34.92 3.0e-04          52.37685
89    B0823+26     08:26:51.3 1.6e-03  +26:37:23.7 7.0e-02     2.800 6.0e-01    196.963    31.742      19.48 1.8e-04          54.53372
90    J0900-3144   09:00:43.9 8.0e-06  -31:44:30.8 1.3e-04     0.770 4.4e-01    256.162     9.486      75.71 8.0e-03          58.29439

91    J1643-1224   16:43:38.1 2.5e-05  -12:24:58.6 1.8e-03     1.270 1.9e-01      5.669    21.218      62.41       0         79.26616
92    B0628-28     06:30:49.4 4.3e-05  -28:34:42.7 3.7e-04     3.010 4.1e-01    236.952   -16.758      34.42 1.0e-03          103.6192
93    J1903+0327   19:03:05.7 1.0e-05  +03:27:19.2 6.0e-05     0.400 8.0e-01     37.336    -1.014     297.52 6.0e-04          119.0098
94    J1756-2251   17:56:46.6 1.5e-05  -22:51:59.3 2.0e-02     1.050 5.5e-01      6.499     0.948     121.20 5.0e-03          127.2558
95    J1045-4509   10:45:50.1 3.0e-05  -45:09:54.1 4.0e-04     2.200 1.1e+00    280.851    12.254      58.14       0         127.9164

96    J1125+7819   11:25:59.8 1.1e-04  +78:19:48.7 3.3e-04    11.000 8.0e+00    128.289    37.895      11.73 1.5e-01            129.03
97    J1802-2124   18:02:05.3 9.0e-06  -21:24:03.6 3.0e-03     1.240 5.7e-01      8.382     0.611     149.63 6.0e-04           185.536
98    B0833-45     08:35:20.6 2.0e-05  -45:10:34.8 3.0e-04     3.500 2.0e-01    263.552    -2.787      67.97 2.0e-02           237.895
99    J1017-7156   10:17:51.3 2.0e-05  -71:56:41.6 1.1e-04     3.900 1.2e+00    291.558   -12.553      94.22 3.0e-05          367.4739
----------------------------------------------------------------------------------------------------------------------------------------
