1        0.130 2.0e-02       34.98 1.6e-03
2        0.160 9.0e-02       61.25 5.0e-03
3        0.170 3.0e-02       97.42 5.6e-03
4        0.200 2.0e-01       60.60 1.7e-03
5        0.213       0      24.37 3.0e-03

6        0.220 1.2e-01      158.52 3.0e-03
7        0.220 8.0e-02       71.02 1.3e-03
8        0.280 6.0e-02       71.12 2.2e-03
9        0.300 1.0e-01       22.18 5.0e-03
10       0.370 4.0e-02       73.81 7.6e-04

11       0.370 1.2e-01       24.63 1.8e-04
12       0.384 8.1e-02       56.10 4.0e-01
13       0.400 1.0e-01       28.19 9.0e-05
14       0.400 2.0e-01       30.57 8.0e-05
15       0.400 8.0e-01      297.52 6.0e-04

16       0.400 2.0e-01       30.99 9.0e-04
17       0.400 2.0e-01       23.92 9.0e-05
18       0.470 3.0e-02       19.62 3.0e-04
19       0.500 7.0e-02       52.33 2.0e-04
20       0.500 6.0e-01       37.99 5.0e-03

21       0.500 3.0e-01       24.36 5.0e-04
22       0.500 7.0e-02       22.55 5.6e-04
23       0.500 8.0e-02       21.88 9.0e-03
24       0.510 4.0e-02       40.94 3.0e-03
25       0.600 1.4e+00       39.90 3.0e-03

26       0.600 2.0e-01       13.31 2.5e-03
27       0.640 8.0e-02       20.76 1.4e-02
28       0.660 7.0e-02       18.46 8.0e-03
29       0.680 5.0e-02       33.77 4.0e-05
30       0.690 3.3e-01       59.96 8.0e-03

31       0.700 4.0e-01       49.59 1.6e-03
32       0.700 2.0e-01       10.76 1.5e-03
33       0.710 1.7e-01        9.02 7.0e-05
34       0.720 1.2e-01       39.57 1.0e-03
35       0.731 2.2e-02       14.32 1.0e-02

36       0.770 4.4e-01       75.71 8.0e-03
37       0.770 2.3e-01        6.48 6.0e-04
38       0.800 2.0e-01       18.25 9.0e-06
39       0.800 6.0e-01       22.73 6.0e-04
40       0.810 3.0e-02       10.39       0

41       0.820 1.7e-01       30.25 6.0e-03
42       0.820 3.0e-02       15.92 1.6e-02
43       0.830 1.3e-01       27.30 5.0e-04
44       0.840 5.0e-02       14.59 1.5e-04
45       0.860 1.8e-01       11.62 2.0e-05

46       0.870 1.4e-01       48.92 5.0e-03
47       0.870 1.4e-01       48.92 5.0e-03
48       0.900 2.0e-01       14.33 4.0e-05
49       0.900 4.0e-01       11.11 1.1e-04
50       0.900 1.0e-01       26.46 3.0e-02

51       0.910 1.6e-01       57.14 3.0e-04
52       0.930 8.0e-02       10.92 6.0e-03
53       0.930 5.0e-02       24.20 1.4e-04
54       0.930 7.0e-02       17.28 3.3e-04
55       0.940 1.1e-01       26.76 1.0e-04

56       0.990 2.2e-01       13.57 3.0e-04
57       1.030 1.0e-01       14.20 6.0e-04
58       1.050 5.5e-01      121.20 5.0e-03
59       1.050 3.0e-02       11.46 5.0e-03
60       1.100 1.1e+00       37.05 1.0e-03

61       1.100 8.0e-01       38.05 1.0e-04
62       1.160 8.0e-02        9.25 5.3e-04
63       1.190 2.7e-01        9.62       0
64       1.200 9.0e-01       41.49 2.4e-04
65       1.200 4.0e-01       18.86 1.8e-04

66       1.200 1.2e+00       13.73 3.0e-04
67       1.240 5.7e-01      149.63 6.0e-04
68       1.250 1.3e-01       38.78 6.0e-05
69       1.270 1.9e-01       62.41       0
70       1.300 4.0e-01       17.83 1.4e-03

71       1.400 7.0e-01       30.07 5.0e-04
72       1.410 8.0e-02       10.17 3.0e-05
73       1.425 2.5e-02       10.25 1.0e-04
74       1.500 1.0e-01       34.92 3.0e-04
75       1.630 4.0e-02        9.00       0

76       2.200 1.1e+00       58.14       0
77       2.200 3.0e-01        8.64 7.0e-03
78       2.300 6.0e-01       14.96 2.4e-04
79       2.300 7.0e-01       22.55 2.5e-03
80       2.310 4.0e-02        5.75 4.8e-04

81       2.400 4.0e-01        4.60       0
82       2.530 7.0e-02        3.14       0
83       2.770 7.0e-02        3.18 1.6e-04
84       2.800 6.0e-01       19.48 1.8e-04
85       2.800 1.6e-01        4.84 3.4e-04

86       3.010 4.1e-01       34.42 1.0e-03
87       3.080 8.0e-02        4.34 7.0e-05
88       3.470 3.6e-01       13.94 9.0e-02
89       3.500 2.0e-01       67.97 2.0e-02
90       3.600 1.1e+00        4.93 3.0e-06

91       3.742 1.6e-02        3.28       0
92       3.820 7.0e-02        2.97 8.0e-05
93       3.900 1.2e+00       94.22 3.0e-05
94       4.200 1.4e+00        2.38 1.9e-01
95       4.400 1.2e+00        6.15 2.0e-03

96       6.050 5.6e-01        3.35 1.0e-02
97       6.370 9.0e-02        2.64 7.0e-05
98       6.400 1.8e+00        2.89 2.0e-02
99      11.000 8.0e+00       11.73 1.5e-01